SECRET_KEY1="[
   11,  33,  54, 230,  88, 246, 125, 158, 223,  75, 207,
  179, 105,  19, 129, 238,  43, 210, 153,  52, 127, 141,
  238, 205, 125,  24, 249,  51, 250, 203, 171, 104, 149,
  101, 110,  96, 203, 215, 110,  17,  50,  13,  27,  39,
  203, 205, 205,  49,  13,  10,  50,  53, 100,   6, 112,
   76,  60, 130, 134, 158, 122,  92, 137,  13
]"

SECRET_KEY2="[
    8,  91, 250, 214, 249,  64, 107,  48,  38, 171, 141,
  131,  22,  55, 203,   0,   5,  99, 194, 122, 166, 139,
  150,  12, 168, 104,  87, 106, 234, 219, 164,  59, 198,
  140, 156, 230, 187, 129, 240,  74,  94,  70, 159, 172,
  168, 105, 221, 114, 239, 144,  26, 136,  48, 237,  98,
   68, 252,  82,  12,  31, 103, 255,  26, 134
]"
SECRET_KEYnonceAuthority="[238,234,217,178,51,131,152,228,176,244,67,238,252,65,43,78,252,126,175,241,29,37,23,220,116,172,61,253,109,80,234,73,182,179,210,252,30,203,59,23,145,8,243,120,4,39,79,168,203,109,70,32,88,178,54,237,231,13,120,224,18,24,86,150]"
